1000

123456789
12
45
65
78
32
53
456123
3218779
5654789
32159
357519
645357
159357
123
4568
321
653
20
65
123456789
12165
452
65165
7845
3235
53156
456123
3218779
5654789
32159324
357519
645357
159357
123244
4568
32125
65335
1
65
123456789
12
45
65
78
32
53
456123
3218779
5654789
32159
357519
645357
159357
123
4568
321
653576
20
655
123456789
12165
452
65165
3235
53156
456123
3218779
5654789
32159324
357519
645357
159357
123244
4568
32125
65335
1
65
123456789
12
45
65
78
32
53
456123
3218779
5654789
32159
357519
645357
159357
123
4568
321
653
20
65
123456789
12165
452
65165
7845
3235
53156
456123
3218779
5654789
32159324
357519
645357
159357
123244
4568
32125
65335
1
65
123456789
12
45
65
78
32
53
456123
3218779
5654789
32159
357519
645357
159357
123
4568
321
653
20
65
123456789
12
45
65
78
32
53
456123
3218779
5654789
32159
357519
645357
159357
123
4568
321
653
20
65
123456789
12165
452
65165
7845
3235
53156
456123
3218779
5654789
32159324
357519
645357
159357
123244
4568
32125
65335
1
65
123456789
12
45
65
78
32
53
456123
3218779
5654789
32159
357519
645357
159357
123
4568
321
653576
20
655
123456789
12165
452
65165
0
3235
53156
456123
3218779
5654789
32159324
357519
645357
159357
123244
4568
32125
65335
1
65
123456789
12
45
65
78
32
53
456123
3218779
5654789
32159
357519
645357
159357
123
4568
321
653
20
65
123456789
12165
452
65165
7845
3235
53156
456123
3218779
5654789
32159324
357519
645357
159357
123244
4568
32125
65335
1564654
654
424
24546
123456789
12
455345464
0000
65
78242
3224246
532545
456123
3218779
5654789
32159
357519
645357
1123456789
12
45
65
78
32
53
456123
3218779
5654789
32159
357519
645357
159357
123
4568
321
653
20
65
123456789
12165
452
123456789
12
45
65
78
32
53
456123
3218779
5654789
32159
357519
645357
159357
123
4568
321
653
20
65
123456789
12165
452
45357
1123456789
12
45
65
53
456123
3218779
5654789
32159
357519
645357
159357
123
4568
321
653
20
65
123456789
12165
452
65165
7845
3235
53156
456123
3218779
5654789
32159324
357519
645357
159357
123244
4568
32125
65335
1
65
123456789
12
45
65
78
32
53
456123
3218779
5654789
32159
357519
645357
159357
123
4568
321
653576
20
655
123456789
12165
452
65165
0
3235
53156
456123
3218779
5654789
32159324
357519
645357
159357
123244
4568
32125
65335
1
65
123456789
12
45
65
78
32
53
456123
3218779
5654789
32159
357519
645357
159357
123
4568
321
653
20
65
123456789
12165
452
65165
7845
3235
53156
456123
3218779
5654789
32159324
357519
645357
159357
123244
4568
32125
123456789
12
45
65
78
32
53
456123
3218779
5654789
32159
357519
645357
159357
123
4568
321
653
20
65
123456789
12165
452
65165
7845
3235
53156
456123
3218779
5654789
32159324
357519
645357
159357
123244
4568
32125
65335
1
65
123456789
12
45
65
78
32
53
456123
3218779
5654789
32159
357519
645357
159357
123
4568
321
653576
20
655
123456789
12165
452
65165
0
3235
53156
456123
3218779
5654789
32159324
357519
645357
159357
123244
4568
32125
65335
1
65
123456789
12
45
65
78
32
53
456123
3218779
5654789
32159
357519
645357
159357
123
4568
321
653
20
65
123456789
12165
452
65165
7845
3235
53156
456123
3218779
5654789
32159324
357519
645357
159357
123244
4568
32125
65335
1
65
123456789
12
45
65
78
32
53
456123
3218779
5654789
32159
357519
645357
159357
123
4568
321
653
20
65
123456789
12
45
65
78
32
53
456123
3218779
5654789
32159
357519
645357
159357
123
4568
321
653
20
65
123456789
12165
452
65165
7845
3235
53156
456123
3218779
5654789
32159324
357519
645357
159357
123244
4568
32125
65335
1
65
123456789
12
45
65
78
32
53
456123
3218779
5654789
32159
357519
645357
159357
123
4568
321
653576
20
655
123456789
12165
452
65165
0
3235
53156
456123
3218779
5654789
32159324
357519
645357
159357
123244
4568
32125
65335
1
65
123456789
12
45
65
78
32
53
456123
3218779
5654789
32159
357519
645357
159357
123
4568
321
653
20
65
123456789
12165
452
65165
7845
3235
53156
456123
3218779
5654789
32159324
357519
645357
159357
123244
4568
32125
65335
1564654
654
424
24546
123456789
12
455345464
0000
65
78242
3224246
532545
456123
3218779
5654789
32159
357519
645357
1123456789
12
45
65
78
32
53
456123
3218779
5654789
32159
357519
645357
159357
123
4568
321
653
20
65
123456789
12165
452
123456789
12
45
65
78
32
53
456123
3218779
5654789
32159
357519
645357
159357
123
4568
321
653
20
65
123456789
12165
452
45357
1123456789
12
45
65
53
456123
3218779
5654789
32159
357519
645357
159357
123
4568
321
653
20
65
123456789
12165
452
65165
7845
3235
53156
456123
3218779
5654789
32159324
357519
645357
159357
123244
4568
32125
65335
1
65
123456789
12
45
65
78
32
53
456123
3218779
5654789
32159
357519
645357
159357
123
4568
321
653576
20
655
123456789
12165
452
65165
0
3235
53156
456123
3218779
5654789
32159324
357519
645357
159357
123244
4568
32125
65335
1
65
123456789
12
45
65
78
32
53
456123
3218779
5654789
32159
357519
645357
159357
123
4568
321
653
257519
645357
159357
123
4568
321
653
20
65
123456789
12165
452
65165
7845
3235
53156
456123
3218779
5654789
32159324
357519
645357
159357
123244
4568
321250
65
123456789
12165
452
65165
7845
3235
53156
456123
3218779
5654789
32159324
357519
645357
159357
123244
4568
32125
2454
5464
54897
345
0
0
0
3156
456123
3218779
5654789
32159324
357519
645357
159357
123244
4568
32125
2454
5464
54897
345
0
0
0
23456789
12
45
65
78
32
53
456123
3218779
5654789
32159
357519
645357
159357
123
4568
321
653576
20
655
123456789
12165
452
65165
0
3235
53156
456123
3218779
5654789
32159324
357519
218779
5654789
32159
357519
645357
159357
123
4568
321
653576
20
655
123456789
12165
452
65165
0
3235
53156
456123
3218779
5654789
32159324
357519
655
123456789
12165
452
65165
0
3235
53156
456123
3218779
5654789
32159324
357519
5654789
32159324
357519
123456
3546
5446
25455
4
545