100

123456789
12
45
65
78
32
53
456123
3218779
5654789
32159
357519
645357
159357
123
4568
321
653
20
65
123456789
12165
452
65165
7845
3235
53156
456123
3218779
5654789
32159324
357519
645357
159357
123244
4568
32125
65335
1
65
123456789
12
45
65
78
32
53
456123
3218779
5654789
32159
357519
645357
159357
123
4568
321
653576
20
655
123456789
12165
452
65165
0
3235
53156
456123
3218779
5654789
32159324
357519
645357
159357
123244
4568
32125
65335
1
65
123456789
12
45
65
78
32
53
456123
3218779
5654789
32159
357519
645357
159357
123
4568
321
653
20
65
123456789
12165
452
65165
7845
3235
53156
456123
3218779
5654789
32159324
357519
645357
159357
123244
4568
32125
65335
1
65
123456789
12
45
65
78
32
53
456123
3218779
5654789
32159
357519
645357
159357
123
4568
321
653
20
65