100

53 0.6 5602
45 0 4500
0 0 0
45 0.6 5602
55 0.9 5900
60 60 60
60 60 6000
55 1 9000
44 1 5700
50 1 5600
51 0.6 5602
444 0 4500
0 0 0
42 0.8 5602
55 0.5 500
60 0 60
49 6 6000
55 1 9000
44 1 5700
50 1 5600
53 0.6 5602
45 0 4500
0 0 0
45 0.6 5602
55 0.9 5900
60 60 60
60 60 6000
55 1 9000
44 1 5700
50 1 5600
51 0.6 5602
444 0 4500
0 0 0
42 0.8 5602
55 0.5 500
60 0 60
49 6 6000
55 1 9000
44 1 5700
50 1 5600
53 0.6 5602
45 0 4500
0 0 0
45 0.6 5602
55 0.9 5900
60 60 60
60 60 6000
55 1 9000
44 1 5700
50 1 5600
51 0.6 5602
444 0 4500
0 0 0
42 0.8 5602
55 0.5 500
60 0 60
49 6 6000
55 1 9000
44 1 5700
50 1 5600
53 0.6 5602
45 0 4500
0 0 0
45 0.6 5602
55 0.9 5900
60 60 60
60 60 6000
55 1 9000
44 1 5700
50 1 5600
51 0.6 5602
444 0 4500
0 0 0
42 0.8 5602
55 0.5 500
60 0 60
49 6 6000
55 1 9000
44 1 5700
50 1 5600
53 0.6 5602
45 0 4500
0 0 0
45 0.6 5602
55 0.9 5900
60 60 60
60 60 6000
55 1 9000
44 1 5700
50 1 5600
51 0.6 5602
444 0 4500
0 0 0
42 0.8 5602
55 0.5 500
60 0 60
49 6 6000
55 1 9000
44 1 5700
50 1 5600